2553
6913
1411
6452
7387
593
1172
7341
7333
9669
6188
6308
3502
2072
1831
29
3112
6648
7259
1000
2577
3089
5489
5946
7885
3147
7129
7956
4370
3708
1194
1782
8437
2217
6916
4238
4738
8609
7320
3522
3285
8279
3400
3295
3605
5903
6329
3188
5457
5527
907
8665
298
8841
4363
3250
4951
4698
6620
8662
3841
6600
9141
9324
1169
5808
568
4659
7696
922
7532
7219
3058
9626
886
9190
3022
1769
274
422
2526
1345
205
8743
1117
2346
2741
9418
6225
4503
1874
8063
3335
1958
8828
1450
2544
3597
5891
9419
179
5521
164
633
7618
2237
7729
5599
8807
7168
2390
7958
1025
7060
9482
8114
1004
2645
9238
107
2670
2337
3555
3652
5727
8435
1718
2081
8867
5290
571
2686
1622
9810
1049
5264
8436
3171
9329
372
7430
277
3773
1797
6772
3673
809
7051
8517
1737
801
8597
3157
4864
8127
5649
5899
3275
2851
3262
4396
3800
7556
5037
5223
8077
2949
4876
9767
6721
1306
7978
7811
4561
5773
1856
8333
9806
169
9251
9674
5264
9634
6568
3398
9695
718
596
8328
6151
2411
3447
2618
7821
8512
9638
8024
8779
5695
7940
6535
6755
1701
3745
3632
6704
4269
5443
3024
3509
9803
3509
4975
1342
3090
1490
8153
158
8923
3970
8956
2644
8443
3798
2343
4430
4493
2621
9317
4480
7932
8303
634
959
688
1445
363
3249
2196
6849
5092
3930
9895
6794
5802
5359
930
8576
7355
2199
9238
8905
4257
4557
7143
544
623
1797
9479
7561
1649
1233
2645
7314
4734
9888
6002
5370
114
2914
2676
4595
4111
4704
3718
3388
8905
5817
5757
4544
8470
8067
8165
6429
7238
8112
4067
3663
7233
8426
8258
5648
2152
1807
3576
1838
9133
9843
9231
7809
7223
4338
6073
3268
7407
8171
3933
1704
2266
869
6694
4053
1551
7462
1572
9372
5607
588
1370
5258
2182
9539
3523
2220
4281
9141
1173
6925
9449
9061
322
8063
5052
3670
2970
432
3877
5583
9239
1059
9579
5551
6999
57
1251
3690
6570
4808
5401
6167
6436
1082
9486
5246
3795
4547
6152
7798
6409
1790
3316
8060
4938
944
2443
5555
7408
9886
7744
2788
2834
1219
7353
8591
8450
19
389
4127
7632
476
5821
1322
6322
1458
9921
6518
5186
134
7700
4360
3078
4372
1034
5345
5384
9177
9215
5364
9294
1103
2568
2984
2615
9341
877
959
8483
9752
1006
8275
7974
6005
9826
1063
9115
9059
8810
5546
4048
3205
5692
9080
9512
3106
680
8911
3463
4044
1316
8315
2026
4819
5013
7876
8108
4388
1628
5270
1958
4082
2927
9599
2165
2994
8310
4475
1750
6402
717
7363
3500
2899
6812
9824
1782
5900
3029
4623
6700
5789
3833
2669
4422
1103
6964
1844
2147
4174
4084
1809
5723
1595
8122
2334
6437
9870
9870
710
9191
3442
5453
9118
7310
3335
209
3014
8131
5835
1104
9025
7366
7265
9701
4122
4450
1926
9138
5703
1503
1938
5111
7443
689
2286
1764
1442
5422
5049
3745
5463
1750
7513
8084
7986
9435
8358
1105
4235
636
6698
617
2333
3730
6970
6756
5549
2650
9747
4920
1467
8018
2997
3362
841
2135
6910
8397
3290
8218
4763
3295
3667
7914
1616
7812
5272
8446
5917
8597
9194
4954
8192
9517
2628
1885
9893
887
484
855
9620
7552
7227
3627
5131
4494
4785
8653
7730
4322
4963
2880
7803
8739
6053
4692
4222
548
7374
7045
9020
3542
9365
4052
8797
3248
6118
446
1597
5024
93
2933
5822
5759
1316
8692
5619
1844
9503
5001
8320
1884
5707
6539
1193
4927
172
3773
3209
8484
4107
6240
7390
3723
432
2082
7073
9231
4257
9935
434
7950
3299
4130
6094
3535
2697
9420
7210
5659
3078
843
4776
4922
2535
3846
2153
3170
6014
2904
1667
123
2574
8574
3736
9511
7704
8914
7370
9916
9397
5513
3763
5810
2032
2907
8135
7931
8042
31
7529
4353
3244
2555
8765
504
1169
6171
4465
4675
6746
1195
9302
897
1060
8375
7202
5027
7464
2334
3285
162
5242
3826
5667
3345
608
4644
4459
2227
88
3035
835
5132
5448
8656
4569
4162
8919
6822
7694
3464
4970
9739
3474
8075
1345
3806
8793
3751
7278
3085
8163
8923
8355
2530
779
8508
1890
6402
1668
2002
1687
280
7238
1447
691
5820
2780
5651
1422
2073
7581
1604
7097
6781
8139
7517
8054
7416
3253
8882
7314
4697
482
1356
4729
6963
3018
3155
1479
6934
1825
4632
6782
5375
4557
6539
5384
6047
7804
8659
9666
6161
6132
3499
6585
7850
752
9030
2756
178
3035
9713
1185
2299
1637
50
416
4023
4934
9373
5527
1221
8778
3927
9157
5712
1015
7257
1763
9284
4312
1522
9809
7339
7891
7859
9247
3012
7097
5856
4361
5512
869
6803
7823
889
6086
8351
5570
9802
5401
1552
7282
3395
5943
837
3460
8043
1286
2712
7301
8856
1161
2694
6392
6742
2424
8581
2748
2590
1576
5926
1997
4097
3710
9781
5663
9094
5179
2232
5889
1298
9991
620
668
4780
5818
4115
8171
7510
8183
9773
5844
9076
8018
9380
1559
9301
9170
6759
8990
9512
5407
8475
4342
423
3320
9622
7846
7782
1484
80
7530
4270
2882
6361
7298
2543
366
6875
4329
454
366
1531
1152
4169
2880
1166
6134
6936
86
8450
1113
4422
1939
5045
4279
2875
5481
7858
1276
9849
5518
2515
9634
8087
458
2976
458
7600
8778
7152
7358
6767
6855
1583
7842
7473
6655
8887
3843
2484
8710
274
5290
5908
2796
9560
2973
200
9257
701
7107
7175
2
6188
7564
4160
7785
2443
3065
4661
3459
5695
2466
6011
3513
2144
2544
3565
183
3956
7492
7334
5927
5055
907
9902
6254
5538
4686
2590
3609
2941
1340
5753
3871
3222
681
6884
1673
9340
9967
1207
1795
4343
1612
7097
8887
5901
4410
6250
7504
6282
4454
7934
5578
9982
7251
3470
8919
5687
6368
8902
6336
2771
3814
9659
6897
5455
8395
6556
8242
7706
4960
2000
1920
8439
4289
7130
2772
3406
9256
9259
5011
263
8412
9465
8508
8439
8659
2624
6177
1058
6252
2268
2373
1880
1789
4998
6031
4468
2543
5863
1182
5074
7599
1689
3404
6815
2583
8379
3932
579
4308
102
4192
5885
7528
3715
8386
5169
8675
5280
8315
560
6880
5796
3006
8884
175
221
7717
7555
7353
2035
2476
2912
5143
5331
7191
9531
7318
7702
67
7455
3091
3229
9598
7299
546
5286
4776
3074
3739
1500
9339
4211
7849
7481
603
5596
4384
1399
6433
4808
1432
7169
5560
8099
5608
9117
5534
4804
4711
9676
3755
6360
5393
7363
2611
9165
5496
9141
1317
5624
6751
9185
1722
2258
1807
5883
1239
4144
9893
371
1539
1113
8943
2407
6183
3166
3221
7344
4659
2570
6907
2028
1200
5550
4889
6030
2056
8108
4243
4892
652
8628
9771
2795
8951
913
5520
5878
2558
1957
9965
369
5419
9395
6784
6599
5933
5754
7921
8266
2463
7360
630
3091
9001
2483
8166
9896
747
5741
405
2341
3500
7530
4078
6486
5217
557
4283
4956
4847
5746
3322
7364
1827
3854
6100
5803
2267
2943
7417
9748
7848
7635
7196
1120
2785
8505
2924
2577
3586
3492
5522
5640
2858
9838
3597
6371
5650
151
5114
7383
9731
3122
8208
9807
525
4405
6205
8558
4655
2462
1616
3758
8493
9403
8513
2422
9768
4101
7102
4762
8954
7962
9317
1776
7383
6724
1785
3342
9255
7250
1790
3569
4261
6157
648
5273
413
7714
8846
8940
6065
8542
519
9855
4764
883
2598
9623
17
9302
6432
3602
3687
5868
3670
6038
487
2549
29
3665
4192
8936
2449
5893
4527
8719
2748
3485
5220
5487
8394
9769
7445
9360
2984
1609
8297
9478
8334
8532
1813
1174
1674
9295
9234
2155
7581
3773
7427
933
2186
3040
8023
4864
2239
8084
8752
100
8731
508
7701
1827
9448
4264
760
2590
2017
6726
4797
3839
862
1383
6064
7394
5038
2822
8856
362
8466
4645
8735
2649
8471
6649
4010
1207
625
5173
4805
5112
3213
929
4664
922
3945
481
8953
5257
9905
1502
6241
2888
6928
1458
5502
2804
3926
4155
696
2963
5134
3139
3056
7902
9444
2502
3676
5326
774
6886
3395
7710
1543
1908
9125
8462
2683
1553
838
467
6365
7713
8632
2573
1404
4167
5918
2078
6800
9689
7268
3839
5734
8023
4256
9835
246
4090
453
6734
3283
411
4196
6232
8675
574
1639
2488
9972
9990
8512
3720
2288
9301
678
7343
8807
2089
6673
7795
8089
852
9827
6787
1084
4303
2128
5832
8071
5617
3307
7311
81
4079
4478
1871
2244
9368
1645
5742
4377
9942
1707
1724
4588
3439
4912
4942
3743
5384
3240
7247
1352
8235
4785
1687
2377
9866
1352
2137
7600
2542
6543
8419
5527
3888
567
2558
1829
3111
8813
4888
544
7984
3663
8769
3547
1734
7106
3497
5336
3785
701
9894
5179
5404
1251
7178
7104
6760
4237
6035
730
7820
9105
1074
5099
3445
9372
4323
4306
8476
2421
8292
910
8439
7871
2604
675
7055
5510
4978
9254
8429
8128
3012
3887
2098
5350
4759
4681
9336
117
705
2842
6774
2039
3474
855
3128
7248
7089
2152
7462
5292
3787
8654
9349
5110
4506
9875
564
4923
2620
7096
3150
6605
1304
6268
462
5312
6052
4300
1586
5153
4230
2022
4771
5770
8492
7375
8276
4854
5547
4524
1803
6418
7820
7301
5495
8685
3456
901
7509
5735
125
6118
5573
18
2068
1868
2175
7251
5505
7214
4138
82
8236
6221
5963
7450
7377
8457
2295
650
2790
9663
4075
995
2678
3860
1217
1187
3191
3615
5584
9237
8217
6381
1832
8025
40
8554
2657
3649
3101
1292
6657
6489
623
9556
8713
3006
2323
7777
8219
3895
9739
2027
7381
8235
2466
7507
6847
7386
6494
3061
935
7320
4827
3661
1983
9081
130
2365
4242
3107
2688
9883
3425
6364
4822
7563
279
9669
5344
1779
2563
5990
3790
1259
3822
5585
563
303
9829
9915
2023
9541
4344
239
5424
4595
7675
8938
6122
7634
5185
5006
3546
1687
5659
8372
1392
8884
193
1116
1575
3090
6772
3931
587
9834
8581
4750
1411
8821
7212
7779
8574
7444
5336
8986
3161
7906
5364
6819
7996
1448
6088
1260
2479
1479
6519
8476
3402
7322
918
9623
4337
2601
8332
3547
7185
1837
6323
2413
7472
6015
5729
3829
860
9643
6809
9367
4514
83
7792
7734
5339
7925
8930
353
3425
2079
2124
9506
5532
9665
7508
4420
8521
1138
1262
9733
6850
9379
8901
6594
7220
3297
3917
3060
473
7404
1291
7671
1072
6721
794
9812
1996
6151
4992
5531
404
9762
387
8660
4519
6741
9708
3254
8182
7870
9882
6793
4642
6570
6428
8237
1315
7772
5678
3743
6143
8019
1378
5078
4011
1695
1226
9772
8518
5509
9163
2350
2062
3722
616
7323
5385
9548
7701
4111
420
2010
8587
7600
4325
7968
6073
8871
1111
3609
3306
1676
21
5896
9710
1637
516
1302
228
4521
7104
7545
3439
9175
3525
7647
9116
8514
8100
9342
435
4769
3532
7602
7585
7259
2739
1138
2775
3179
9919
7567
1892
8980
4260
2824
5831
8723
4240
3533
6383
3913
2512
1350
2011
1306
2091
4874
6690
44
6139
7565
7916
771
1886
6487
5755
2822
8363
5933
4381
6244
9173
2064
3957
9258
9972
2999
6193
872
89
7181
8676
8710
8892
8662
5101
5984
2938
4042
9160
4965
9817
1858
4346
293
9609
1446
2667
5746
2549
1831
509
9743
35
4387
2795
3225
419
4760
6515
2189
4248
1029
3714
7519
8992
4195
5307
3612
2913
5098
1086
3688
5757
9594
8342
2079
5647
962
8759
658
6640
191
9638
9275
3537
4350
7212
4892
7484
7648
8597
9938
4416
4109
6193
7890
6391
4218
2975
5420
2424
3598
1601
2321
9004
8459
5485
7344
1438
1662
3288
8366
7488
1300
2392
7482
2630
5018
5912
7219
6759
8314
4881
581
8453
1018
4554
1381
3514
6631
2359
7512
7982
4619
9060
7901
5938
7777
5058
1549
5782
7122
745
8938
5969
6162
5536
2738
7600
970
1922
7839
1259
5400
2000
8498
1253
6458
2634
2956
7036
8882
6479
3317
1862
1434
3191
8926
3117
2173
4095
5628
8534
3558
9066
2122
8296
7271
5374
1708
1376
8532
7989
9244
9500
8401
5339
254
8576
7602
7759
6707
6562
633
6437
7552
3748
6803
8334
4722
3002
2019
6321
8811
5525
9588
3743
273
3786
5831
9914
4715
4348
7415
4874
8321
2832
4439
5851
2216
718
5179
4889
6963
2598
9168
1536
1952
8379
6037
2087
3710
7856
3278
2559
1972
6100
6053
9357
6439
4557
9317
8547
945
7980
3045
792
6306
9978
6493
4090
6959
8000
3968
7079
1817
2165
706
2652
2239
1849
2294
8
3737
2298
3617
4093
8308
6566
6425
9906
5033
5652
4869
1282
2923
169
8437
5689
2396
1221
9869
9309
874
9698
795
1455
1505
6423
1582
469
2576
4870
3107
9024
7021
3382
5166
2017
8809
9197
1553
2597
5512
971
1809
7431
2713
3612
6747
582
9887
5642
629
9593
8105
3487
548
6016
50
3143
9208
3848
3532
1362
6692
899
9525
115
9412
7932
3458
7667
4498
6680
4597
7676
6386
7718
1465
3012
2817
6793
919
9509
3114
7761
3303
4818
3202
934
108
2351
3981
9929
3340
5676
5261
6959
8712
3585
6067
5425
442
836
126
6556
1007
9507
3288
3168
3238
7233
320
5643
4655
7767
1580
8090
5097
3923
8308
9200
7534
4133
412
7912
4112
1399
5934
5414
5165
5721
1941
5211
8384
6971
3975
4854
4602
5118
7687
7776
1085
4891
1818
2690
9699
9788
7747
8748
847
4146
1393
4598
8144
5613
3073
7881
6847
6896
6147
6915
4723
1948
2976
6985
6678
3390
7985
2468
2497
7354
1701
6523
7832
9145
1032
9890
3294
1650
2512
6990
9598
875
7761
7115
8041
840
6174
6344
1054
7680
385
771
6232
319
7753
1230
3094
7210
8795
4968
4760
4608
85
481
93
5894
5775
9056
7792
2324
8980
4335
6283
1516
7436
4257
8147
921
6935
3292
9893
6109
162
7916
386
8567
9827
3185
1519
107
2617
4058
2811
8379
2249
8070
4057
7155
6180
5303
1431
9006
6737
7544
9451
3751
5998
90
3801
4984
4871
9170
5188
7713
8126
496
3424
2139
3284
8902
6858
7881
3750
5791
7274
574
3931
918
4083
6763
5146
8935
8683
3618
540
8559
746
1760
2517
4323
5394
7702
8655
2699
8829
4658
9127
865
1230
4418
3321
9645
5975
6950
5778
3828
9821
584
6884
8216
8660
7284
1574
8147
1346
3499
5798
1165
3907
785
9156
4748
9171
8486
3767
9717
3762
2751
1212
3360
3347
3940
7498
7052
6193
5734
7353
2235
9908
1814
6275
9060
9952
6385
837
7275
5499
7603
4505
6030
3660
8916
7072
3551
3773
9990
2040
3202
6464
5151
6208
9252
3115
7404
2813
7713
9047
8915
2860
2412
4557
1451
1284
6636
4254
9620
4450
1334
9908
8688
1028
6345
7132
8680
3835
9137
4360
8233
7281
8587
5679
7283
4335
1211
5625
650
9975
3715
3898
1709
8679
5202
2514
1411
331
5520
3964
9329
4072
8990
5921
9333
4266
8627
1286
4957
5488
8698
6646
9899
5580
7085
5489
8678
8445
8021
2536
5742
5078
4819
30
9227
9490
7385
3606
2165
8656
7305
6295
3738
8315
3390
1113
2883
975
6334
7706
9810
7720
9511
6337
9732
3318
6721
8793
7811
4675
1653
3463
9822
5113
5907
8461
955
2954
1040
9168
5441
1005
4480
1957
7901
9993
4695
2112
1044
7636
6758
494
6335
7222
3900
8016
54
4282
1310
3559
2413
6427
6686
1308
1613
4386
2912
5149
8877
8709
1986
8608
6026
2006
9904
9707
863
8659
4549
6641
7270
3175
6278
9292
4665
2533
648
3179
3003
5465
2722
6456
8023
2617
9389
4488
972
6888
3322
7159
8972
7934
5034
4583
3322
4734
7057
8804
890
6997
691
2802
1969
8273
8180
4240
7390
3777
2858
4075
65
968
5686
4680
4855
4252
9018
5664
1012
2447
3388
2315
8453
7483
1820
9935
9866
7876
1432
1196
2240
3443
8630
6376
4434
2955
1416
2604
8618
2436
1015
3670
2551
1968
5397
370
9927
2300
5808
2244
4235
7618
2350
6407
7345
3045
2496
2028
3051
1156
6758
4827
6986
6933
5800
2174
461
1677
6603
92
8668
8163
8838
2465
6407
7959
2251
6973
9514
9327
8815
7971
2288
1916
9108
3992
2671
7569
3346
3568
4201
9695
2072
1299
5146
1373
3665
3109
3277
6596
8067
4277
880
3476
2115
1571
3339
9299
6611
917
9917
3458
7641
7108
3394
5396
8431
7301
5992
4229
1454
5063
8877
4128
8554
9942
3822
469
7991
1771
3607
3525
9963
7742
6148
4451
2369
5799
8843
8983
3969
3519
5556
8173
4760
3037
384
5721
3859
1773
4148
6688
7535
4220
9366
1891
846
6581
6525
1916
273
4346
113
8101
9932
6204
2691
414
2397
803
289
1684
3766
7636
2049
4187
7782
6155
2386
8701
1345
1447
8591
5782
4584
6248
5220
8427
8463
3856
4419
8981
8120
632
736
4423
5586
8461
6981
7906
233
3126
8598
4890
718
2515
3037
4462
9055
3818
9957
2278
5731
5998
2564
624
1261
7416
9928
6926
1059
9732
2270
348
9972
483
5579
6504
7042
8365
7784
6911
6821
9205
9762
6852
1699
8719
3282
5383
555
4982
965
524
1666
3559
4899
4902
214
698
8596
1624
1061
84
37
5824
2812
4004
5913
7777
6425
8322
5410
2462
1973
9877
4414
111
7663
8073
1815
6119
5698
6230
8209
2916
3689
4785
3792
2545
7447
1424
3826
8837
6427
3695
8644
497
8322
9020
3879
2881
2583
8370
9424
8827
5878
9345
3524
60
8314
5539
1589
7282
7969
9340
7589
5531
6532
3012
9315
1059
1294
3581
211
6578
3878
7377
831
2559
8447
2426
9164
7425
4995
8748
7053
6777
8733
4264
9335
5943
4749
2479
2237
1022
3140
2904
2698
6985
9818
2679
1979
8886
3070
8735
7271
4888
6281
1546
1902
6630
7379
6238
4843
3766
2223
4189
2737
8261
9047
227
4433
945
9032
9602
6922
1070
886
2400
9504
2858
1007
9418
2094
6757
6507
567
4806
1515
1681
7373
64
3152
853
943
8753
9047
3236
7000
4055
8545
6610
1811
9767
1799
6026
3598
771
8816
3680
4581
7130
8346
4195
1575
2951
7574
584
3121
798
1787
5876
5090
7539
7112
8397
1842
5988
9239
1743
1847
4953
1953
8880
1373
9627
7083
632
8994
5378
4322
6664
8392
5367
9593
1482
7200
1696
4816
7523
4011
2131
9924
4972
3803
558
8569
6533
1063
4018
5155
2639
7587
608
9224
5917
301
2260
9575
6339
806
3402
4747
8793
9844
3586
6521
7346
4485
9173
136
2693
8802
8691
7233
5533
1753
8856
6933
2571
5205
1287
7041
6273
3388
9030
7481
8768
8613
9540
6329
5063
8679
6747
1350
7274
5790
1854
3295
2014
9569
5961
3573
1274
8693
4807
3528
8555
3722
836
6941
3915
7843
5639
8531
9557
2227
7375
9196
1472
8216
706
6851
5240
5395
4039
3242
5161
3448
8197
6052
9305
2176
5373
1048
8763
6217
5004
772
2432
9737
5575
5822
5940
358
2186
2206
8623
9922
785
1880
8992
7121
5855
7240
3335
1765
3918
4785
6466
6889
214
6095
1655
8361
5115
1048
1585
8784
4914
6335
5102
8592
112
5681
6317
9038
9077
7401
7692
7110
6957
9280
2179
6577
6393
5195
3301
2317
172
8406
8541
7258
3555
8137
2063
8524
7864
9869
6312
134
4252
752
318
2712
9982
9746
9544
4568
3363
5193
2637
4544
537
8906
1004
4625
5939
6240
859
6109
5901
5855
136
5408
4662
2065
7815
555
1252
3230
2604
25
587
344
5530
807
8102
2696
4802
6142
9702
6054
8953
3216
3019
453
4918
2333
7487
7219
1793
3498
5581
4184
9159
9434
9713
3677
9870
7552
76
5783
4591
1919
9707
620
6941
5556
9728
448
3175
848
9666
3202
7821
1945
7338
7557
427
1046
8340
4644
8950
3810
9971
9372
6906
374
4762
8717
5852
8212
7473
8296
2622
639
9401
4349
1613
1328
6614
7715
3341
1195
6726
4648
3680
4459
36
1427
7478
7154
7270
3139
9594
1423
7286
5838
4787
8010
893
849
519
6387
5337
2750
9219
8984
8327
3814
5960
4738
292
8853
314
980
2931
5026
844
1366
2113
7064
3194
2297
6167
6825
5614
7917
6608
4544
971
7374
1611
1249
3380
1824
3644
8491
3080
9304
415
8207
3581
9426
7463
8144
8766
8948
9515
6285
3133
477
1973
7472
4283
9340
1637
2673
7739
7708
1246
7900
6639
3832
5224
5172
1502
8777
7944
3167
1649
1269
8436
1344
2088
5404
8270
7818
5836
3331
7123
5821
148
4973
8580
7294
8169
5403
162
22
8992
8185
1718
9864
6455
8255
4598
5531
9535
9976
4172
2492
6482
7810
8954
8620
2222
1437
499
8769
747
3360
7228
9220
7355
5699
3710
3847
3332
4279
5349
5092
218
7920
9035
4453
7745
8781
8870
5223
8206
7848
3637
5705
5377
2622
9553
4821
2078
820
9434
3748
67
7023
790
1640
740
9150
237
1785
4720
8713
9165
7204
2424
817
3015
5704
6908
9586
195
8852
3011
6097
304
8554
5947
9912
5063
5466
6749
8801
9897
2844
9070
6282
3146
1126
9947
8752
34
7491
8725
8305
2304
1104
8309
9438
9225
628
2416
1892
6441
5730
335
6069
5528
1099
2034
1631
9255
7675
4584
9955
6985
7947
9945
2573
7765
2784
5582
4710
6542
2546
6066
2849
5888
738
1088
2168
8986
894
8066
2
7828
5531
8951
2266
2529
1376
2128
7422
8
637
8725
8387
2125
592
9402
275
7718
5600
1715
6945
8695
2828
2999
4984
5497
987
7454
4466
8617
7902
4665
1136
2870
8029
5135
8948
8393
9966
2843
197
3781
7947
8868
3479
4338
4804
7863
4973
5458
5640
8000
2792
6322
1698
1049
7258
5820
7189
6361
9665
4572
6900
9742
9089
2215
8451
8061
1693
5465
7120
4417
1921
4463
7225
8830
1941
5421
6044
8966
9218
1695
7770
7189
3793
2381
6224
1397
9425
9023
5783
3085
2333
75
3579
1481
2006
3026
3375
3691
2278
3056
2158
5196
5639
4800
6778
9726
9808
6955
6122
373
6684
3843
795
1188
4878
6935
885
4678
1066
9365
8725
4557
4918
990
773
6290
2346
9639
7002
252
7096
5753
2641
5764
5116
9860
8618
5863
1742
7759
3510
4680
6366
2499
1093
4557
8978
9933
7640
8385
4006
6467
3991
555
1437
6068
158
5100
2099
5116
305
6639
6921
2358
2284
8218
8686
1434
9782
5619
786
3782
3073
9657
2715
6112
6215
1477
3217
5365
9212
3471
8259
16
6486
8152
7666
6782
9500
7964
445
1396
516
74
9869
8921
321
126
722
6892
7998
3541
4961
7888
6601
1604
2936
1776
9695
8961
4318
8019
8147
6513
3698
699
2882
7731
3566
1791
4544
8578
6111
48
8856
2022
9403
2149
8596
8685
6378
6665
5660
7726
4941
5726
3965
9806
4216
7099
9765
3183
5382
6613
1964
4938
1769
2351
4946
1702
4677
9542
2358
8459
5180
1237
5529
2105
1155
4981
3455
6919
5536
2579
2037
2145
6514
3999
1058
3880
4551
4627
7706
4091
5171
5063
427
7521
7368
7355
7324
7579
8864
61
8515
7891
4498
7505
3949
5477
4723
7473
6695
3098
8246
5779
7537
8342
3496
3553
965
2162
682
6472
70
9347
101
7700
3648
8150
3253
8885
4393
9520
133
8670
3417
9908
698
5552
4111
7717
6504
3181
9473
9696
6433
2948
3212
8232
4883
2455
5236
6066
5895
9530
9932
4224
6815
2855
5089
5494
2213
739
3247
7279
8073
4393
9499
9480
8241
122
1342
1170
6251
2090
3267
4601
9155
545
5359
9963
8743
663
7327
1838
5857
6198
4859
5843
4764
9468
7379
2447
6547
6495
7538
3584
9144
3256
4262
2617
5902
2888
7221
1492
2434
5479
2385
470
4088
9283
9788
6699
3778
9657
3244
4872
1497
6015
4175
4049
1714
6195
991
2285
828
8470
6997
1269
5928
4789
2065
28
6077
9215
9209
8867
8807
4522
3501
4303
5193
2992
8548
6123
3048
7665
4636
632
4819
3396
1092
8900
7710
9704
462
2687
3105
7090
5043
5235
5170
2676
5134
6635
3954
5113
6914
4290
1893
2592
5098
1983
9832
9902
9710
7318
1041
6082
6156
9928
9251
8689
14
1460
9083
7914
157
5926
6910
2310
9538
6621
5511
6092
2128
6941
1005
5660
1149
8222
4995
1141
8291
4744
3219
4194
575
3651
9684
8390
6698
4500
3545
4324
4475
3562
7978
5215
1133
4654
8352
7497
7344
8436
4940
9993
3140
9687
4593
8195
3312
1723
664
8144
8770
7533
7539
8635
3327
884
2851
1836
9969
7238
2365
9460
1996
1530
9465
8734
7931
3141
2839
6813
4761
1126
7854
3136
3741
903
522
5692
9486
5400
8522
7352
6704
9483
6347
9151
13
9126
4556
9823
6281
2886
6592
5331
9779
5771
6430
8579
7180
3911
2930
5102
4080
9770
1448
4198
7882
8541
6592
9486
5871
8054
8797
6761
5376
4943
6316
8192
3698
3163
9796
502
1433
6429
9518
6793
5661
3008
8843
7067
1807
5342
755
8347
4317
1542
7058
4913
1086
9235
9187
4019
9286
1197
2701
2563
2131
7706
623
2281
5791
569
507
3836
5574
5265
4032
6210
2352
5913
4410
3266
2246
5009
3353
6220
5010
9975
4097
9905
491
4410
8865
4401
5023
7510
3343
4649
6279
9359
6107
4777
9720
5095
7469
1445
4793
2948
2239
6611
9280
2043
9957
4974
2538
3518
8021
9285
5685
427
284
4766
4864
3884
7445
2748
684
1265
269
2200
9781
2814
7686
3746
7652
846
2032
9495
3324
6695
5792
4727
1945
2744
2959
6926
5542
6735
1597
1865
3105
1030
4999
8813
2107
8116
7564
6416
9504
9654
2090
8902
4871
223
4788
4497
2895
8500
1544
6159
490
3846
3903
3096
5034
3074
2434
2856
3153
8386
2285
8448
3533
2195
5585
3451
2874
2658
6713
6029
5598
389
7232
106
3687
3121
8224
1048
7528
2506
5013
5540
7730
7461
2254
1129
4046
7556
9901
2693
945
4977
605
2753
3733
612
5141
4101
6291
3324
7282
3320
8065
4079
1226
3461
4448
8596
8717
7067
4463
1805
1160
1743
3398
8916
4529
7082
3119
9797
7909
3455
7862
8321
5305
3194
7648
6519
3261
7471
2394
4695
9755
5283
1932
9573
8771
3784
3431
9793
9531
9765
6876
7353
7615
8094
1470
3852
4496
2451
8908
1208
2040
937
5130
4827
3611
4228
1306
7171
4045
5639
1263
9811
129
6091
2079
4871
72
5526
4172
9434
6659
5643
5544
9632
8046
610
4846
7720
6650
7547
1364
9075
2124
2751
2714
9579
5339
1408
5196
4893
4434
8239
1724
1273
2386
841
9420
2039
8273
6820
6167
7610
2104
9800
2456
5809
7432
8222
9788
6640
3406
5053
3098
2533
5881
435
380
353
1870
9384
1026
9330
365
2035
2088
9372
1967
9315
780
3537
3160
9520
9560
9862
9116
8113
9814
1752
411
4521
8105
8045
288
2023
6450
7829
2824
6621
5762
1933
1564
6678
1274
7665
4696
6532
926
273
9756
8587
6215
3404
839
6562
7877
4925
9720
6569
1664
7639
8280
7082
9549
9932
289
3661
9207
2284
1821
6630
1706
2879
5232
7038
6367
653
2927
9613
2973
7285
978
2424
2193
5897
9680
1071
7156
614
9883
5425
9697
6419
7517
6854
6175
8327
1745
3852
2896
4065
5062
4423
1688
8668
6663
1884
4691
4021
7728
5905
77
5949
2296
2622
8810
5
725
4073
1090
8357
2628
3195
3140
1339
6571
5566
8045
9609
9343
5250
7207
8163
2903
2515
4713
185
8438
4421
5420
2381
7096
7011
6087
9379
1487
7728
8797
8737
9826
1858
867
8235
9870
6094
5492
4646
8186
2250
2334
9878
6664
8457
5929
2904
1316
3449
8843
3508
7219
6851
6378
6676
3446
8616
8789
223
6893
9071
3499
304
8046
1149
8883
6266
4701
5166
6384
4641
3922
9116
7089
3218
2178
5437
988
3420
1481
9034
619
17
8713
2813
7283
1968
172
8156
8780
9098
1562
3684
1648
3120
1609
8111
2720
2835
8500
9371
9177
5975
9077
9485
8747
3035
1245
9421
7060
5774
9737
9433
2930
1268
7549
818
4051
2357
5521
3789
5621
9184
9186
8724
2851
1406
4194
351
2550
5443
2339
6912
2971
1324
3676
5292
4074
7282
7595
503
5084
5551
4783
1810
3204
5383
2443
920
6314
9541
6971
5196
6780
4415
8208
8006
9857
6029
3010
536
4352
8173
7231
7506
8878
673
8081
2210
8962
4146
7457
6131
2068
7316
2250
3067
3126
5678
9299
9720
6914
7493
9187
6357
1121
5076
1359
3802
9055
517
3250
3802
7732
9426
9529
5185
9830
9827
2654
1581
9007
6277
6803
4773
3842
1940
5083
9440
8744
9133
2984
9609
9453
1033
9122
9507
3488
7453
901
8823
8688
5612
6938
2843
90
2198
3203
7398
9533
6175
8494
3837
825
6720
8564
2766
3752
1172
7110
6297
4926
7764
956
2962
1131
185
9619
2316
5592
6322
9692
6138
6415
5523
9190
7734
3804
5685
56
2027
4581
6969
3533
8762
8327
7984
2688
2674
2471
4372
5163
265
5970
7854
2471
4650
5383
1198
3451
7033
1807
3013
8225
1885
6176
6038
4159
8439
8535
848
6544
7804
63
7269
6995
931
2674
9602
2774
4796
9420
138
7959
3664
149
2360
3585
5788
8239
2066
3658
7101
330
3413
8900
4098
1759
6060
4302
8433
4867
2545
2112
5071
6664
3204
8113
2059
7755
2184
6700
7903
5776
1698
1066
1449
9508
9823
3526
9047
7522
925
954
1183
3797
8550
4767
805
7097
2671
5465
9710
5800
4393
4766
4319
2939
6988
7627
2345
4762
5974
5318
3994
6283
8
9561
1579
6828
5540
9965
6063
2236
2963
9098
2269
1510
3493
4094
1835
8298
4275
4257
4832
7770
9139
2650
5276
9786
9000
7808
4597
8718
4008
6103
8072
3316
8312
3183
750
8099
207
3182
123
3543
943
3651
3209
3017
3289
5619
7011
5364
3300
4460
1792
4479
1766
6899
5772
7168
8595
1715
9589
5518
5770
7497
188
3136
3314
8101
2421
3576
1659
8490
9179
8810
2361
1000
7444
7660
9752
4651
3943
1916
789
3541
8732
8469
5945
9374
6554
8021
7178
2855
262
442
9256
3205
2798
4425
7218
9455
1799
1312
4593
4882
3924
9806
2113
9052
553
4014
223
5875
1877
8877
4375
5795
5520
642
1776
2102
5107
3763
3249
8598
9491
9907
8765
6723
7618
9649
8923
9742
7919
1250
9524
3980
9063
6321
2182
6168
7477
8520
3382
976
5975
6698
4768
3720
553
3675
1967
7360
9064
4426
5080
4946
2334
8736
1064
544
9172
8754
963
6040
5561
1853
8948
4406
3738
7711
996
1435
662
439
4793
501
6257
3795
9187
7386
2709
9310
2493
103
5542
279
9615
8373
8957
4302
279
3394
679
9051
4035
4559
7323
3136
6247
5792
519
6699
5031
5955
9924
1337
3864
132
7729
7579
2141
7147
40
7022
5581
1740
7670
3637
4089
3425
9827
201
129
5412
8397
2116
4503
1588
727
8669
6699
5431
9220
4508
5353
3605
2933
4736
7583
7182
3659
9578
4883
4676
3375
7888
8714
7166
4240
8399
3296
8472
8291
1540
6094
6975
5769
4348
858
967
532
2905
763
8827
1728
4914
6153
277
1895
164
2565
1947
9084
3581
3719
1493
17
2374
1694
9933
3397
399
7642
3710
7960
9447
6588
8110
5639
9154
5095
916
866
1793
7097
9015
6171
935
549
4316
2132
6978
4518
8940
194
1410
466
8185
9487
5007
9960
3801
2349
4228
2229
7600
2157
6891
332
9792
4201
5730
7268
820
6813
8970
4631
1967
9204
7012
4920
3149
4190
6706
841
8455
7038
2858
9632
2474
3215
877
4242
9225
1572
939
9055
3420
8242
9903
2997
6078
8857
567
1561
5435
622
3995
9971
1392
4207
4513
2591
9857
2237
7800
6802
3787
9144
7482
1965
2399
558
2671
3676
4309
5536
9056
4295
2095
7174
1335
8112
5109
7238
9426
9787
9904
7156
8272
9774
9753
9673
5355
6174
2642
5625
5156
9256
5475
1682
5769
2934
3244
2826
4662
5522
595
5654
695
6648
6000
3514
3954
4158
5464
7346
7211
5150
8023
9404
9613
9246
1391
6956
6837
853
6451
4603
9417
2155
3033
9599
9997
5459
4940
4784
5064
4213
321
1717
8202
1456
2212
6425
928
7507
6505
340
9226
9160
9399
2879
4097
8803
6821
1981
4065
5367
9855
8445
6401
4438
3566
2585
5991
6692
472
1348
509
1087
3718
6059
726
7419
5851
7184
5604
8637
2430
4308
1849
7724
2721
4335
3234
2068
8741
566
1401
3046
3178
9718
4985
3951
1716
6621
9377
6247
559
9569
2548
7237
266
9008
1532
1426
5243
659
6065
2912
1122
6785
2389
6057
5139
3887
159
696
2595
1492
2553
46
4979
9224
5233
4097
1797
3753
6636
2315
1576
6756
3729
8680
3330
8497
6798
4929
6207
8955
3169
3465
6657
3208
9191
4928
8789
7830
4730
7473
6798
4715
29
7527
8707
5044
5201
3722
5660
3347
723
1631
7560
3740
1955
7093
1527
2326
9167
5002
7278
6275
9714
9396
9470
8780
20
6081
4624
3498
227
1846
8890
1871
4089
2523
3907
716
9181
9714
6405
5871
8988
3356
4196
6642
1333
4189
6350
1400
7011
357
6817
5933
9735
8443
6779
4314
6975
5322
5874
3520
1891
3812
2805
9516
8904
7902
1151
2365
5560
692
1139
8091
2316
4917
8386
7833
1067
6892
3101
703
69
1074
2027
8220
6469
1534
8554
8479
5630
4244
1622
6766
363
6671
2018
5240
9440
3075
168
2345
4774
331
5058
3624
4141
2976
3371
7955
2646
2579
598
4238
857
2709
6369
9319
3577
7723
2674
398
9588
8455
3198
2048
355
5870
3084
7400
5293
3574
1427
2445
731
5595
168
8046
4027
3869
2616
4595
47
8438
430
960
7075
9957
9938
9696
9364
3311
8021
6832
7359
1678
9457
5078
1484
8030
5703
8527
2191
1220
9842
2952
3147
7965
1842
396
7811
973
2639
6427
7127
4396
941
5425
6828
9571
3764
5084
2883
7446
5216
3016
2337
1978
2922
6673
6358
2028
2251
1910
2409
9962
2873
3834
6272
7488
5037
838
8136
7409
6949
6342
7627
3090
6073
4188
5465
8842
34
7129
2494
3009
1455
2026
4902
6511
3737
4143
4647
673
9260
9017
473
4998
2293
2579
3989
1966
2157
5901
2946
5071
7819
1683
3619
9511
1914
5843
4287
1028
6284
2526
6290
4031
2781
9425
3487
1011
3092
7977
3868
603
3136
7714
866
675
8452
7961
8247
4280
3051
9206
1572
9855
6987
8781
913
6865
3972
7458
7455
2419
7794
3848
5292
5685
9
4094
2006
2931
9212
5140
9290
3429
4064
9295
797
5820
4939
3582
3545
4524
4421
589
800
5162
8266
5427
5043
4689
4695
2204
9002
8781
8656
3374
1650
4371
6308
162
1458
8753
7575
4637
3669
8501
362
4441
4613
5567
2706
8545
7382
8561
8121
9618
3149
8797
8626
7249
7253
5486
2376
7307
6699
1515
7991
4485
5694
5622
1503
294
6010
4274
9479
378
8056
860
563
8233
680
1517
2904
3328
7548
8996
8609
7544
4193
1063
8667
9296
8490
2098
8459
8433
8594
6131
5451
3122
5821
8546
7442
2955
1990
1701
9671
571
5645
565
6735
6412
6709
7808
400
1991
9560
2963
7269
6979
9613
5245
9243
5832
73
7448
2013
5164
9701
3057
8522
4215
325
6738
5414
3656
5523
3477
1910
1079
9593
4310
8136
7564
5204
6072
4206
5191
3539
3376
4467
5025
47
7599
8572
8929
2782
9640
9945
6617
5930
8264
8957
2391
4189
9461
6801
5342
6978
5800
8419
7735
4758
3735
4159
8691
333
8936
4737
6899
5205
2339
2122
1820
1850
1134
7194
6339
4320
4268
1023
1391
84
362
4311
689
7246
2495
3488
9744
5854
7451
4044
4963
8292
8171
7757
1871
2420
1095
6436
2212
8119
171
1450
4467
8779
5743
9411
9401
8779
2672
6755
8236
1675
9688
3954
1653
1404
2244
9158
3124
9000
3105
1409
4947
3605
7696
7650
8767
483
6924
2654
5129
7437
3599
7914
5276
910
1580
5273
5177
2938
4242
4824
4137
5064
1412
5521
7328
7928
1473
2060
9885
5620
560
5071
9365
3847
2338
1
3404
1097
819
5316
8521
8947
3027
785
682
5106
5333
9239
5038
7889
3417
5174
2073
416
3876
3060
5455
9955
2769
2307
4263
7821
7186
2073
7698
7614
4877
2082
5517
3950
3182
4784
5873
3811
3563
8707
8591
3172
3693
430
5955
2374
2040
6251
5941
3517
5918
8342
8522
7846
5995
5053
8828
3056
4478
1500
6411
8439
9490
8621
1326
9432
7453
6546
2643
5789
2967
1058
5029
1055
7156
1778
7178
6918
8503
882
3265
8529
2912
8230
5132
3919
7179
2803
1194
9187
2907
319
7005
2140
1518
3813
3890
5106
7933
4833
1255
6861
5437
2844
5836
5904
9768
4947
2621
745
7503
1707
1862
7721
2062
3684
3881
5228
6003
776
3506
7929
8565
9631
6438
5576
4262
4666
1515
2342
2696
2693
7332
5901
2339
9638
400
1870
5435
4785
6622
304
6293
3848
1986
6096
4478
3662
6190
7178
9286
4811
5108
960
7294
821
2363
409
2604
3077
2888
4672
5378
7526
1126
3303
1591
2813
848
8159
4721
5042
2278
3907
228
206
7334
4330
9083
6862
9635
9447
2498
9252
4050
3335
4327
7447
8199
8200
8966
5005
8586
8323
3328
8170
7688
2795
3283
5433
1606
9847
6269
1751
816
15
9287
1732
7981
7273
4180
9217
6312
7934
3650
3287
4931
4306
4750
7841
8195
7663
3893
5283
710
2237
4210
4505
3748
477
6957
8896
4633
2707
9141
6823
4043
4490
4947
1580
4770
5101
3465
6045
4908
6280
9602
6937
9976
33
8024
5422
9343
1364
5668
9469
5502
7291
1045
6681
1371
6352
4995
1615
3195
2790
7652
112
9253
7800
3017
1894
3630
7147
6876
1404
2420
5320
9113
4849
6471
2793
1635
6143
1426
3409
1532
595
3939
9465
4785
7088
1085
8810
2948
7876
7662
9318
9085
5467
8601
1762
2815
5330
2064
2858
2509
2980
2479
8626
4879
1870
5056
7771
8679
4862
546
3942
2297
9385
7736
8908
5735
6953
994
4554
4656
689
9746
7332
4331
6955
1305
8441
9692
9777
5688
5861
1609
5351
5258
1894
1152
34
7845
983
974
6442
7776
5027
4644
9773
1465
7422
818
3420
4043
9054
7725
8501
4397
7277
8359
8131
696
5938
4141
6954
4181
8324
5656
1519
8576
8778
2275
3794
5779
8576
4220
4338
2048
8224
4823
1528
9682
194
8169
6290
4423
4543
5188
8703
9904
2766
8323
8573
8367
353
6663
2595
9596
767
1493
5501
2615
9836
5504
4590
198
5773
1577
5261
8892
3118
6155
8962
878
4159
890
3528
8404
7659
1505
6973
993
8888
683
393
3772
9520
2031
2526
3436
5926
7163
1574
7585
5465
335
7417
8003
7940
2461
7436
584
6583
9188
2463
216
6123
4751
4399
998
4087
5105
4414
4265
7749
9122
8352
8787
9069
869
5068
4322
3826
3339
17
1194
8240
3746
1368
3858
3554
2631
7500
407
4978
2416
3798
7118
6265
1903
252
3995
4698
8039
1446
2867
7633
6573
583
4772
7301
7481
1818
9658
6380
5213
9762
2170
4551
741
589
2531
931
2439
8954
6518
3080
5873
4060
9247
5218
6382
817
6223
4824
2707
5716
7472
6060
9566
1072
5806
5374
2014
9334
3851
3540
2006
1894
9521
9413
6170
1988
7399
3701
2153
2091
4924
2652
3069
7285
5395
165
2806
2018
1913
8906
3321
4494
4748
3284
5281
8548
3861
9441
3499
2196
3963
7799
549
9344
1317
3559
3939
3171
7534
4271
4924
2172
7961
2102
4129
3085
6784
2548
9213
4493
1938
1627
3866
3740
2521
1811
3738
2049
8205
6313
9061
5728
6975
4793
2149
4526
7508
9093
5120
2504
6146
6364
9660
1757
2312
9405
7845
215
5495
784
5304
8026
239
5524
3678
9110
8610
7952
3694
6457
1937
3517
4533
7171
2049
7707
8423
5930
6901
167
8006
9976
2782
7546
5911
4013
7437
4614
1803
5538
5480
6407
6872
2369
8853
2727
118
7013
4669
8006
663
9456
8510
5259
4972
2229
6167
277
3705
5956
6426
4197
8246
3526
2423
1179
7654
1623
5801
4279
5745
9565
9843
820
1900
200
937
7964
594
1795
6404
2179
7841
7045
2523
4312
5867
6061
7214
2643
9235
8540
6411
39
2137
7384
8590
2856
287
6888
2710
6614
6337
9107
4898
3307
43
2794
630
8037
2472
8480
6689
5571
3207
33
9076
8816
3084
9010
7278
9319
5087
3552
8259
6802
4248
4597
8518
6014
7819
8911
3828
4535
9322
5108
2092
5581
8327
8413
566
6125
2905
3497
3817
2725
9780
3193
6089
5088
5258
4380
8841
2789
2878
5086
3224
162
6599
2607
3255
3585
5669
568
51
4777
824
7741
641
7581
5853
9752
5565
8191
8722
6074
984
2878
1014
4873
6130
4689
8437
8249
6986
2199
7212
3283
8500
452
4699
8146
3874
2345
2373
6164
9674
8214
4622
3464
4081
7054
9277
2514
2397
4107
4083
8615
1237
9454
6991
4710
1162
8103
8551
8330
9633
4434
898
7408
9274
4526
6077
3015
4958
8131
4558
258
7445
6437
8608
6395
8595
5224
4964
8975
4228
4991
4132
4544
1957
8423
8451
5456
2796
2311
2067
1133
9379
3094
7025
1862
2450
980
5459
7703
4628
9038
5048
7750
3479
9688
1322
8875
3054
9885
7066
8644
7798
9842
4016
4108
371
6695
9189
9097
9154
957
2913
3639
6341
3317
6215
4501
6959
9069
1945
459
7197
3767
278
4924
5419
1702
904
8667
9151
5442
3221
8754
5981
9753
4387
5197
8370
8189
1570
1185
5856
2324
7971
9150
3797
7125
4975
7129
8433
2114
6593
923
5694
2385
2092
4942
4417
5634
6231
5153
8959
178
3663
7109
7343
2609
1142
4179
2871
700
2287
8754
9971
6189
8939
823
6615
5313
2074
7354
8605
9860
6203
8578
9834
8024
6240
608
1645
346
8227
4028
2300
893
7085
6184
2738
4787
3138
3809
7145
1317
8319
964
3998
9594
1521
2438
515
6753
1788
4529
3643
9090
1629
465
8962
9964
81
4219
7213
5428
7472
6325
8393
2672
2938
3771
2386
7251
1971
9931
9872
3792
1100
1539
999
7268
7773
5746
5472
1625
2491
259
5422
6069
6524
3056
1128
9100
129
3175
9188
3079
9168
1616
1122
7733
952
7639
4991
2001
9827
6783
3284
7488
966
7366
1218
7678
5398
1145
8493
1366
3756
9782
5518
2664
3978
5290
9015
8722
5973
4206
4393
9733
6050
8936
5872
313
5300
2532
7724
748
1245
9647
3019
6078
1938
3917
1936
1680
1339
8165
1147
8729
1655
258
7605
6423
9161
1746
1990
483
1527
5810
1021
644
1481
2709
5051
6339
2838
4256
6085
728
2009
3138
2684
2032
9961
9474
8123
1573
1938
3686
2925
6833
4107
8328
241
2970
2513
963
5322
833
783
9550
2415
2050
2529
1144
7312
331
3655
5167
5228
3797
8155
8353
9810
5681
7409
7560
6486
8909
6665
9737
412
8999
911
7200
3379
3097
646
8626
7507
4242
9895
5396
2614
4825
825
170
4040
8765
3687
5760
6328
4465
9482
1440
9699
219
3968
8946
3930
4743
7613
7602
5300
7782
848
5514
9275
5353
1152
9786
4362
1313
5835
8686
1190
3431
2415
2557
5285
1365
2943
9497
1568
1996
423
6925
2143
2944
8371
3208
6173
6336
9586
4886
5354
6045
1289
9420
1657
1047
2119
2872
4880
8066
4134
7059
4224
8068
7221
7664
4430
4212
7899
1458
2423
9856
5708
7620
8232
7898
99
2897
3061
5426
1719
4079
4647
9264
3995
7825
3438
5834
1987
1171
2679
5995
501
2421
1021
4140
4359
2774
1206
5832
390
6968
894
967
4646
5242
5556
311
3281
2919
26
5296
648
6049
4370
5693
623
7871
9026
7942
5762
5244
9488
3116
4497
2858
3031
9837
5178
5218
1098
9962
5599
7471
5058
1711
3401
8940
3417
4328
7857
122
327
1637
9543
9697
1594
6643
4573
1526
1680
766
8163
2876
4155
1232
131
6989
3714
6105
2440
502
3582
22
3095
9215
6228
5792
2743
4403
3806
2373
3187
9080
8060
5215
5965
16
7707
4572
3230
7222
9315
6128
4540
6854
5913
8478
4798
1265
9805
7998
2930
4078
4215
859
3687
5891
5308
8521
1866
227
3561
3404
9328
2101
7067
4323
8098
6997
1505
182
8289
2868
1216
2649
8272
7224
6657
6161
7574
7320
7704
2819
7359
3329
6627
4972
7322
7343
3878
7162
7417
548
4228
6158
9103
6765
5911
729
8696
2060
4604
2163
2710
3852
3432
5658
3039
9553
9728
7813
7223
1372
4786
8196
8688
4919
9941
1909
2063
181
3396
7001
7212
1381
7477
3308
5197
6965
3719
3539
2640
5661
421
8387
7236
6784
4716
3425
5489
4469
7165
7327
4860
9273
5240
7863
3880
7142
3643
7796
475
7528
7043
1508
3350
457
5282
8260
8462
7725
3745
3745
6164
4085
8888
2510
8640
5196
8394
5350
339
7457
932
2878
8579
7869
6046
1105
2139
9189
3918
5334
8581
8490
3788
2259
6101
7902
202
2927
3633
987
3877
77
7627
1324
6340
2649
1099
945
3949
6429
3481
6008
9078
5969
7153
2753
1819
5622
7866
8490
1732
6690
9816
1020
8809
5743
30
7219
7033
5608
5594
3506
4966
9609
4927
1016
5578
9952
8151
9102
2283
2872
541
5071
5508
2506
6068
2345
6617
9526
4835
7623
8382
7908
846
6952
2107
5676
1829
507
213
6324
7039
3914
4893
8489
9571
3162
8636
9750
4509
4152
6792
2607
5318
6028
7987
2531
5519
6861
7085
5008
9449
2594
3147
8516
4319
5392
8458
6436
8029
4286
7948
9486
9304
8060
6214
6664
5173
8251
8201
4303
252
5798
2962
1835
4664
6776
9807
5458
5529
2972
3973
9859
7093
6558
6138
3
1425
9147
7618
2475
2772
7212
3968
2804
55
8038
542
8745
9248
2886
1312
8297
8071
9127
7296
7321
8336
796
3732
3145
1243
1805
4395
5400
2395
5328
4147
8105
5297
4615
9750
2085
9712
8372
1557
3420
4199
9011
3218
6491
5153
7452
9621
164
5262
3185
4760
9548
1032
3637
69
3850
6009
1762
7530
6063
3516
1674
686
121
2279
8501
5909
6377
7881
7751
2531
937
4491
5113
6017
4254
5335
1266
8113
492
2941
5968
2553
7634
7390
8642
8950
8329
6016
6000
8347
2160
4204
3690
4356
9003
1086
5761
2677
8684
8730
1378
3144
8181
4098
6441
9095
1293
4442
6045
7031
8523
7141
6618
9684
1124
7524
9942
315
4241
7015
9395
7730
3840
9672
1555
4439
7262
6234
6143
9275
1080
5844
9106
2621
8000
1227
2132
8829
5598
6786
6789
2243
6945
2526
7072
1172
7012
2958
8060
1014
7778
6366
2777
3869
8914
9556
1980
2284
5023
7830
9795
206
413
7447
8954
1498
2808
7676
7578
9601
3039
2788
4914
6256
7587
8025
5818
4991
4538
4215
5927
5171
8596
5008
9188
4692
4504
1276
108
934
345
8713
5455
1950
6808
5725
1436
6755
3514
5586
8323
8092
5722
8217
3660
6682
7637
8342
4163
3151
246
9579
8730
9823
8035
2927
3275
7231
5535
1610
5812
111
4138
1713
9242
6944
6620
2309
1940
1919
3222
3915
3925
5612
7801
441
1964
4593
3174
2071
2745
6865
1544
5859
8282
8736
2962
4152
8919
1942
7122
4930
1795
6221
8691
3746
8521
3512
1393
3992
7244
7992
1501
3979
2510
9688
2376
6008
8498
3468
3230
8391
8119
5556
8708
2176
5725
9996
8355
5151
1204
754
1267
5721
7197
9806
1204
7553
4564
1903
7103
7646
983
3317
8478
904
2899
5489
2404
2314
1334
8233
1417
5960
9669
5588
1105
2427
3042
2777
359
9472
7202
3985
2037
1739
154
8491
8111
8799
8043
265
8255
8939
2035
5138
4413
2499
436
9638
2958
539
2522
5879
8544
7810
8264
3944
4362
6401
2907
2166
2779
7183
819
7927
1862
1033
3326
184
2500
4271
8423
7372
9521
8767
446
2072
8078
6778
8781
1414
5912
1980
3988
8524
582
9509
1611
7302
4815
3242
122
4634
6197
8296
9124
5160
4315
2756
4268
1959
8296
241
4042
62
3470
5650
4748
3052
6091
266
1289
1364
4747
4106
7331
299
8311
9121
4691
4201
8297
2871
2234
3288
4507
1074
3450
53
4545
1619
5782
7183
8191
1460
5610
5718
2172
9796
5609
1904
3421
458
356
3464
3859
132
768
1869
4967
2569
3925
91
9972
6907
8061
1780
4987
7667
7358
413
6615
4894
8228
2524
1945
5265
1833
8550
2795
5789
5201
2070
9993
1539
395
6283
4034
4974
1232
9457
5268
109
6865
6533
3065
4384
2827
1988
3936
1740
3062
5923
6661
8175
1275
9898
5043
1783
8455
5873
9007
1449
8266
6755
1675
7037
7691
8906
8472
3120
4230
2520
2312
5658
1281
6289
2178
8028
6813
4397
8009
147
5718
9671
5457
2148
507
98
7374
2788
1078
5786
4164
4682
2768
6501
5245
3976
5594
9042
3571
8993
481
2014
9357
5336
655
275
596
4813
5661
1584
7196
2742
1079
5432
4988
6108
4912
570
9967
4643
7214
8214
2129
3925
1460
2895
8818
3954
9897
6347
5240
2302
7846
9770
8553
8167
1274
4630
686
6626
8707
7745
3257
6957
6454
3437
9530
5497
7177
3575
6007
9501
8234
2888
546
4538
239
761
725
4947
6074
6383
5787
683
3527
5973
8943
3897
8022
2848
4690
698
9314
9448
6197
7972
9586
7632
1585
9265
5927
4600
9708
6017
3263
7751
1521
2085
411
1840
135
6477
9437
6855
1281
7983
9858
9382
3280
8521
1293
7231
2629
3037
4762
1874
4736
347
4622
9829
9941
2308
1730
6979
6088
2676
5506
4323
7106
9523
3746
1700
5489
8683
3560
9011
644
8824
618
3079
7254
5549
3380
8793
585
1123
450
2963
4521
7997
4858
5429
6594
6272
5885
2533
3320
862
4295
8983
5878
5044
3778
4865
3718
7464
9714
4165
6700
7784
85
9496
7361
3719
7098
1467
1718
2750
7404
9414
3678
8005
7394
5901
6367
6363
1842
6859
2621
1698
9175
4748
5465
6399
1013
1741
5528
9963
9779
6012
4583
6381
5053
8380
6086
8263
6636
460
3799
3976
568
4020
6036
6409
7975
5421
3041
574
568
2923
4827
440
1753
9972
3162
1977
1270
5860
6744
4906
7669
6847
5133
7042
6205
928
3437
4506
940
9917
7909
6053
8388
9416
6814
4398
9643
5636
3578
1769
3323
2967
5047
1260
7004
8113
8402
1278
4091
1228
9506
7010
653
5972
4918
5255
5825
5128
6097
8985
1779
8013
1019
3811
4022
4408
2800
4461
5166
3847
3508
7930
5990
286
469
508
8635
7434
4481
3528
9289
5745
483
8667
4970
9439
9995
2753
8288
1323
2812
9145
1708
2291
201
1218
7214
1196
9064
6292
1936
3592
957
3618
8481
7591
8734
7034
2140
8649
6201
7755
7964
7093
2539
7119
2447
3854
6672
3488
4598
1631
7967
5812
7350
9383
323
3240
7644
4287
7267
3117
1115
9488
7476
6421
7046
9261
2030
7826
7501
8694
4388
1837
4846
6156
3803
2394
7872
1793
9805
4652
9859
7464
5488
9534
5597
5743
8102
6477
3672
7843
7329
1380
9924
5273
4385
6709
1736
3253
4963
6545
9855
8831
1807
4098
9338
2236
5878
3238
4719
8074
9946
6315
462
9977
8012
4895
3519
3469
5593
9084
4424
4652
6818
2363
5665
8806
9705
7335
7502
2832
5519
3231
8228
1489
959
9496
3246
138
4792
3275
4468
4667
3897
1892
926
5619
648
5800
2718
9987
6996
5443
8898
9367
5813
1005
5956
2389
2444
3983
2802
2741
7024
250
6993
7269
7948
2210
8957
7532
7879
9854
5434
6333
7981
8799
7939
1913
5432
4665
9770
6827
1262
6251
8580
4983
9663
1476
5324
6872
5929
5755
694
2319
3962
4984
9787
2921
10
5007
5756
4625
8686
6403
8163
9032
114
2293
4686
4601
6346
1984
7671
6615
6527
2367
4913
1977
3939
9308
6135
905
3155
6468
6606
7516
4582
9403
9959
1439
5749
5825
8679
1348
4959
1694
5463
7856
2160
8445
6059
5646
6765
8383
6129
6012
390
839
5737
9833
1600
7381
4806
9190
1881
778
1026
9857
3978
7712
2471
4676
3376
2698
6633
6733
7465
8799
820
2145
3618
9685
5333
782
1644
7558
2322
1778
4143
5766
723
3370
4219
5203
4053
4455
8906
879
3874
281
5419
1455
6123
1667
1858
4674
6775
585
3087
4710
3069
2131
6869
3895
8765
3453
2695
7905
9707
3167
4233
2352
394
1247
4908
8991
6237
8388
2633
9544
7356
1527
8505
5814
7214
4641
1576
6165
750
6233
3885
9220
8133
8752
1915
7680
6432
1955
8597
3325
1387
1517
5025
1285
5456
4830
5343
8635
8041
1347
8972
8908
8525
3716
9710
4893
7513
3356
5537
81
4277
8092
4594
5837
5973
2890
8953
5632
2952
3221
7758
5668
2529
9412
2163
6033
9295
1520
7173
2583
7761
2041
6268
6101
896
8290
3050
7361
8010
8565
7798
9684
1093
4785
6802
3034
2374
9751
5360
8213
3218
4437
1826
3365
1170
1574
2828
2171
8728
5417
6977
98
5340
370
8241
1619
5758
1871
9319
1017
9985
2193
5933
7977
530
4252
643
4061
1335
4276
6592
9680
2208
8702
3711
6623
3074
8982
5637
6509
3801
9306
4393
2264
3954
1478
134
5193
843
7583
5672
5246
5157
8433
2962
4284
9132
5051
7782
3994
2952
3873
4130
4313
5793
9600
3409
4148
669
339
9759
3040
6762
4154
572
8199
3698
1585
2779
9605
8224
847
1562
8901
2658
212
2580
6041
2079
4550
1007
8972
9396
5019
5216
8929
5763
8219
6697
5213
9613
5981
6225
4639
1306
1243
700
7039
6071
6778
7808
8444
9090
4059
1881
1689
5373
2106
4038
1142
2018
4730
5617
8602
2818
8555
717
2094
9928
3736
9275
2903
9137
49
617
513
1876
2846
2288
2202
6048
2508
6126
9022
601
3173
4775
979
3594
8233
8903
2559
8694
7609
7042
9482
1075
2347
834
4987
1983
2492
2860
4468
6912
6984
5871
7151
6371
5395
7113
9345
9532
9726
5267
9883
9735
9829
6951
7083
722
2733
6493
5081
7539
6960
2676
9831
8149
2084
5322
5863
2620
9743
5455
1475
5283
5505
5275
424
2400
1635
3317
558
2615
6643
3303
50
2589
7350
8029
2742
5048
8599
9834
6724
4522
9972
199
1930
1495
3133
3640
6677
8429
1272
3077
7207
2082
9591
6317
3243
2595
9838
6555
7416
4830
9865
7161
6124
5975
5868
8819
9356
9515
6969
2716
7745
7419
3148
5141
301
1498
7620
8648
7847
8986
926
414
2769
9028
6305
8840
3522
2604
5328
4813
9887
4454
5339
6586
3444
3489
2239
2295
1712
9432
885
7033
113
1325
5286
9771
4015
902
9052
2763
4066
170
109
5805
870
6861
9992
4283
8294
9460
8656
8351
116
6499
2736
3255
977
6533
9677
5245
5970
6266
8295
5504
9932
2889
4326
9586
5174
7512
8597
6452
1598
1351
7660
1752
8165
7181
3098
4581
3665
1887
6507
5072
2992
5220
5492
7256
2970
1826
9494
748
3341
6686
7441
5603
2209
3057
7652
9921
5076
5083
434
2021
9191
4400
3507
8102
5950
4460
6868
9922
9270
6186
7816
4401
6244
7583
2601
8840
680
4776
7542
4473
3424
6221
8551
8495
8578
4693
7582
7844
9762
6558
3984
9808
1815
399
7247
7348
3593
9842
3702
9485
7395
9026
4673
3594
3057
4230
4828
1911
147
9804
5426
6499
3314
7359
1932
8245
1263
1904
8545
3309
1973
5986
42
7191
6242
5722
7119
7563
9661
9336
5720
5525
8161
2061
5426
2120
4770
5121
5673
5629
5795
960
1558
470
2399
503
6555
2932
2283
7462
296
686
2554
7512
5006
604
2724
249
8497
2133
3316
4340
1428
5239
7023
3590
3049
4853
8303
5101
6669
5284
925
9460
5908
1832
5061
30
2962
4519
1638
5580
6362
3341
3435
3526
6572
1449
6158
9858
8485
6077
6466
5201
2457
7725
8657
3779
2051
9626
2865
2158
1935
6058
9687
2847
6810
4486
1326
831
4164
7285
7663
2767
8550
2532
8376
9290
3065
8632
4815
4665
8060
9356
5071
329
3088
2681
392
2029
9135
5066
4435
5797
8856
4953
4063
7051
8306
3528
2181
1413
6839
6494
2963
5307
7096
1550
6979
1153
5556
1760
4039
522
1403
5511
2720
2439
9507
8152
8576
743
6832
3944
4354
7804
8873
2090
5446
5389
1858
1217
6446
3183
3741
8459
9109
2565
2665
3560
6422
8018
4656
1511
5577
6642
1360
449
2799
1198
3296
2015
7006
8459
2717
7202
7810
2302
1843
9049
4264
514
3992
2993
2777
1803
4471
5698
2427
6567
907
299
2727
7737
5143
7952
1508
464
6086
4839
8337
1120
3990
5688
2936
1367
390
4284
3805
3284
2126
5516
3996
8527
3046
2177
9092
2368
4435
204
6532
3337
1492
9452
6994
3002
1602
8334
7291
818
3511
5901
7526
5449
2432
7111
2606
2061
8691
1757
3436
2860
2184
6782
3627
8994
5383
9418
4094
9069
5314
8500
8692
2455
4667
974
6748
5258
8702
8376
8212
8673
3043
9688
2499
4367
7276
8048
5594
5890
2980
6083
9337
3894
9163
477
4399
4975
7691
8019
7257
4508
6470
3238
8374
5616
9086
7040
2755
5555
6952
8221
8803
5127
6907
2572
6144
7569
6659
5664
5516
3445
4903
4908
861
6538
9952
175
4372
9940
4506
472
572
3319
6512
9942
5765
5159
1557
7070
1225
6326
8440
4891
7035
3310
1762
8939
9942
8244
110
1114
4387
8067
5846
1831
3697
9722
1630
4122
5250
3307
3643
9008
6685
820
9462
1584
4693
3659
6055
4460
5120
4155
490
8832
9018
9792
329
8943
6925
7701
4823
2168
9581
2444
1683
3927
6620
7831
7079
5650
2175
7488
9317
9368
4
9398
9017
9413
3134
76
2738
7541
6799
2112
8707
8907
2258
5111
1150
535
6336
2102
9898
4878
5095
2637
6106
4502
9082
1380
1840
4337
1911
8007
2968
7284
8398
7382
5874
1188
2470
6023
3957
8658
4247
2940
2780
8477
2091
1106
2934
3171
6273
1366
8703
3743
5059
5344
2027
8454
8919
7541
4140
4380
9969
6693
9964
3420
8571
7730
7195
391
9277
9083
1448
7613
8558
3880
3422
9338
3090
5271
7707
2414
2134
3627
8428
2317
9541
6158
7930
2424
2601
8043
5140
8268
5068
4080
9696
3523
1042
1304
4704
686
7932
441
773
3428
3230
5981
1025
3822
6639
1240
6991
9868
1747
2145
7925
8038
4014
2621
8005
1839
3636
2176
2361
543
6142
6120
2767
8429
5294
1854
9193
7027
6586
1708
7649
3347
782
1096
4133
5470
9636
6929
4774
6949
1859
4083
931
6944
4019
2596
2012
6153
6277
5194
4814
9145
607
1888
664
9744
5159
9657
2442
1842
437
9040
7290
9592
2425
8699
990
4405
4928
295
929
1747
2415
3312
1542
304
6587
1375
4513
2061
1645
2188
973
879
7906
8390
4300
2306
4600
9914
2366
5220
7923
9888
9573
4881
2358
3652
3089
2420
1089
9065
8487
546
8420
3368
7036
8288
5093
8007
3412
4057
3038
5797
5212
2506
393
4835
7857
2828
336
2742
4337
5670
4457
2002
8649
7454
8481
7013
7522
3367
7794
8052
2381
3081
3190
6152
5025
3144
5461
9008
3299
7485
7388
4305
60
4824
6059
8239
8346
778
6669
7738
5157
7665
7173
1603
4323
5170
2129
9785
6941
2917
1631
9234
5788
3150
1230
8567
2735
2018
3764
8504
2142
260
8014
627
5577
8629
9467
5743
4346
1691
7888
6476
2865
7614
7131
4995
1725
4722
5651
3919
2604
6302
4831
2160
4282
7871
347
6752
5178
6916
1590
7773
5014
3245
1164
2982
5158
5738
5255
5515
5095
6930
4035
4932
5522
7182
9574
6504
7431
8896
5753
2108
7208
4123
2452
1903
7182
2104
1924
7065
2716
2286
853
9867
7449
9518
4390
4086
