9554
3023
4362
4388
9955
5163
3842
239
8595
6382
1665
4088
211
7080
1831
3124
9556
9631
6066
8429
570
7986
8549
1273
4751
2070
4583
1586
767
2449
1408
7707
6775
2361
9323
7130
6462
8783
333
1155
2998
6339
365
9674
9736
289
2992
3243
9644
69
9370
812
9203
2026
6103
8680
4419
3618
6767
618
8875
763
6842
5157
8178
2216
4688
6101
4546
9321
3770
4847
3389
7066
9535
3231
4726
7983
515
8796
2498
7639
6037
4205
4573
8416
8507
9415
3783
8893
9882
2245
4375
8091
4198
8077
6212
1044
5302
694
1240
2129
6964
6446
3165
5611
382
9806
3924
2086
3322
4106
6948
3617
6284
4299
7281
1645
3953
2720
9737
8433
5354
1423
4593
8615
7156
9893
9230
1779
2755
732
6595
4901
4608
297
1128
545
9180
5542
5790
1265
362
4497
8545
3688
6042
9314
261
4048
2080
3163
4343
6305
8806
7943
8541
6117
8140
6486
4684
180
1000
4048
2051
7486
4426
3866
1662
7459
9978
58
5046
7994
619
7516
2597
524
4304
399
8202
9859
8634
9152
3108
3698
2945
9590
5508
5507
1507
874
2457
7869
368
4698
8537
3823
720
7509
2914
5412
1851
8523
8107
5415
7263
299
4989
3591
6724
937
259
9291
1891
3054
1167
4980
4084
1376
8537
5967
5956
3600
3901
5630
1301
3847
2683
8558
7917
8490
5486
6965
4377
3906
8969
1508
1412
2132
6488
11
8675
5107
8305
7642
72
7066
762
7847
9635
4424
3183
2960
8835
6462
8280
7267
9574
3398
8664
2539
4569
6163
3324
8575
4792
5773
152
1236
5470
5213
8974
6293
8779
8971
8432
4326
6697
3426
8602
469
2300
5465
1274
1935
855
1402
5999
3928
855
547
5905
6765
6360
3293
2867
7450
5561
8362
620
1744
4777
8165
9213
8874
7993
6103
2183
3765
6227
2862
553
1128
8763
7918
3438
3353
6673
9261
6683
5860
3235
9206
1994
9370
9928
2898
2528
6542
3406
9977
2967
6165
2721
7097
978
8505
5603
924
6300
1245
3658
5343
5503
1940
8016
9738
8526
4117
376
750
8766
1997
3203
5914
6706
9279
7782
4672
1779
9092
358
3665
2554
2286
5922
5163
7641
445
520
9360
8986
4721
7719
3769
9489
6117
1404
570
9600
138
9994
6709
7420
7044
5739
2177
8748
546
9201
8219
6573
9797
8050
8869
6861
9914
5292
6435
4506
1592
65
8393
4337
1972
9972
2091
9848
4825
7531
1134
3851
6020
2717
413
9703
4739
512
8131
4885
6760
3817
6681
7217
5772
7305
5743
9388
8789
3739
3038
9583
7609
318
7253
4503
2746
6064
4274
6849
7121
7367
9271
4939
3817
1741
7319
1255
8639
8057
6350
5829
4326
9093
997
6494
2020
9692
8477
7642
6801
3789
5215
4334
5716
8430
3414
3831
8377
6600
5846
2157
4606
8566
8523
2565
4326
6901
4378
9315
9500
2826
4489
8205
2610
1420
2072
8010
3058
2171
5307
2131
3367
5646
7675
900
4257
5002
3124
5076
245
9898
2162
7548
5361
3705
7653
8815
1073
5422
7217
83
4028
4195
371
6166
189
8833
3568
7395
4470
1666
5031
7687
8564
9054
7795
8246
1022
3860
384
8213
9405
5501
2818
4742
5464
3090
1107
4487
5421
1772
7558
4427
5004
1204
7817
9910
2047
2769
1510
5133
5172
462
2369
5407
2304
8932
4587
5506
898
5601
4729
146
671
77
9934
5258
6035
1856
9233
1511
6505
5074
669
1817
269
6920
7982
687
6015
6430
3338
3882
5600
1822
3049
2181
5241
6453
805
6266
4001
2436
4414
1098
1745
2412
3817
3957
5065
4039
5738
6145
5465
4647
1103
1052
2529
6929
4086
1907
2440
1879
5329
1117
3035
2683
4172
3160
3570
4749
3786
4357
5535
5898
8214
9272
9410
6403
2970
5167
7604
4741
9607
3089
2782
6402
700
2874
2102
7529
6869
1513
8195
943
2202
3033
9696
7370
8815
1649
6178
4995
2366
6882
1390
4889
2034
748
5231
3467
8626
3624
7663
968
5422
9858
7799
3827
6993
7254
7504
9973
9445
1886
94
2843
6143
4574
1349
7119
7544
291
1160
5005
803
6295
9079
5271
9419
5146
4122
3930
706
4367
5748
5264
4065
548
7514
9463
5950
590
7878
2756
4804
851
5670
9668
5919
637
1343
4081
2406
6149
8345
9220
5380
4912
1057
5414
6178
3788
8894
2975
5206
1609
5871
5591
8080
5331
5225
466
1120
350
9283
837
9069
3316
2127
2749
8129
7806
7786
4277
3891
6642
2834
3827
7026
4742
9537
6211
9297
8345
4991
5246
708
6550
1301
4684
5695
8229
1619
3602
7674
8976
9496
1740
8269
9254
7528
5791
7796
2182
3919
3256
3178
9359
3264
6937
9058
9178
1923
8143
8651
2480
5593
6238
693
9081
1767
4514
2281
5
1720
1427
7598
4354
8098
99
3819
5782
379
5516
4849
7454
2237
9173
6549
4586
7683
6465
8033
7504
8176
163
8101
7778
9825
8959
126
1047
599
3304
3090
50
1861
8886
4422
8190
3596
7890
7531
8028
8520
2824
8893
1371
3355
1815
2082
4303
1929
9336
4307
2735
2352
8385
3300
9184
5376
4308
9898
2512
731
4566
1040
4988
7908
4888
6069
7751
6869
714
9040
6372
9944
1689
7501
3991
1140
7457
6477
7142
4363
8970
7661
2482
170
7933
3330
2022
2158
474
4090
5564
8082
9298
5881
4522
9567
7660
1033
6894
7045
8088
2909
1247
8771
3969
4048
3019
5834
645
2084
3835
9790
2604
8597
25
1791
2490
4676
1267
8231
7646
7591
9165
9102
5402
9914
9258
5221
3184
4429
7971
4009
2957
7897
694
7542
7765
9009
733
8268
6786
7413
9072
9151
9957
5831
8008
1650
2090
7028
2304
2726
364
5540
6010
419
83
802
4865
2260
882
4041
9470
1724
9863
6641
3082
4004
7297
6978
1418
4581
6164
6270
8152
1788
3627
1021
6278
5572
6253
9233
3127
5621
8270
2001
7254
1643
3422
8204
8841
7061
1874
2052
8808
6240
6784
2504
1920
758
2549
8463
